gsis_id,display_name,value_score,completion_percentage_raw,completion_percentage_normalized,yards_per_attempt_raw,yards_per_attempt_normalized,touchdown_rate_raw,touchdown_rate_normalized,interception_rate_raw,interception_rate_normalized,sack_rate_raw,sack_rate_normalized,deep_completion_rate_raw,deep_completion_rate_normalized,pressure_completion_rate_raw,pressure_completion_rate_normalized,third_down_conversion_rate_raw,third_down_conversion_rate_normalized,red_zone_touchdown_rate_raw,red_zone_touchdown_rate_normalized,avg_epa_raw,avg_epa_normalized
00-0038391,Sean Clifford,3.131685290558818,100.0,3.96473408760688,37.0,9.645702860271218,0.0,-1.6809079522355654,0.0,-0.9089048472829855,0.0,-1.1476933344399776,0.0,0.0,0.0,0.0,0.0,0.0,0.0,0.0,2.143627,5.549676960751811
00-0039398,Joe Milton,0.8154346506592947,75.9,1.7601384174754193,8.3,0.6965625121911063,3.4,0.26212529179284566,0.0,-0.9089048472829855,0.0,-1.1476933344399776,0.0,0.0,0.0,0.0,0.0,0.0,0.0,0.0,0.4065764197586207,1.3622091528986688
00-0038400,Tanner McKee,0.7987312628375499,63.8,0.653266732471656,6.9,0.2600190805774423,8.5,3.1766751578354624,0.0,-0.9089048472829855,4.1,-0.5239305570345517,0.0,0.0,0.0,0.0,0.0,0.0,0.0,0.0,0.3122917668085107,1.134919312583064
00-0037834,Brock Purdy,0.5506405921082236,63.2,0.5983805332152716,8.3,0.6965625121911063,5.3,1.347937986985193,2.1,-0.21805016078999517,5.6,-0.29572466286183485,0.0,0.0,0.0,0.0,0.0,0.0,0.0,0.0,0.22524199639267736,0.9250704368832813
00-0033873,Patrick Mahomes,0.48394981227961387,64.2,0.6898575319759132,7.0,0.29120075426413244,5.2,1.2907899503961222,1.8,-0.31674368743185094,4.5,-0.46307565192182715,0.0,0.0,0.0,0.0,0.0,0.0,0.0,0.0,0.1586006234962233,0.7644196148235919
00-0036212,Tua Tagovailoa,0.47630187656275336,64.9,0.7538914311083624,7.4,0.4159274490108937,4.8,1.0621978040398385,2.1,-0.21805016078999517,4.7,-0.4326481993654649,0.0,0.0,0.0,0.0,0.0,0.0,0.0,0.0,0.1550495776670388,0.7558591904680414
00-0034857,Josh Allen,0.4648895303613409,61.7,0.4611650350743093,7.1,0.3223824279508226,5.5,1.462234060163335,2.1,-0.21805016078999517,4.1,-0.5239305570345517,0.0,0.0,0.0,0.0,0.0,0.0,0.0,0.0,0.15911611769177628,0.7656623048025523
00-0033106,Jared Goff,0.4575552298328964,64.4,0.7081529317280417,7.2,0.35356410163751306,4.8,1.0621978040398385,1.7,-0.34964152964580286,4.9,-0.4022207468091026,0.0,0.0,0.0,0.0,0.0,0.0,0.0,0.0,0.12566128918172,0.6850135205952199
00-0034796,Lamar Jackson,0.44533406020971056,60.8,0.3788357361897314,7.4,0.4159274490108937,5.6,1.5193820967524057,1.8,-0.31674368743185094,6.7,-0.12837367380184242,0.0,0.0,0.0,0.0,0.0,0.0,0.0,0.0,0.12376476008625466,0.6804416016054952
00-0036442,Joe Burrow,0.4403343226064582,63.8,0.653266732471656,7.0,0.29120075426413244,5.2,1.2907899503961222,1.7,-0.34964152964580286,6.9,-0.09794622124548014,0.0,0.0,0.0,0.0,0.0,0.0,0.0,0.0,0.11056394574322656,0.6486187026481172
00-0033077,Dak Prescott,0.4399419480623844,63.6,0.6349713327195281,6.9,0.2600190805774423,5.4,1.4050860235742642,2.2,-0.18515231857604325,5.3,-0.3413658416963782,0.0,0.0,0.0,0.0,0.0,0.0,0.0,0.0,0.11030990763734995,0.6480062988399458
00-0026300,Josh Johnson,0.4219467530708075,61.5,0.4428696353221807,6.8,0.22883740689075183,4.6,0.9479017308616965,1.8,-0.31674368743185094,5.2,-0.35657956797455925,0.0,0.0,0.0,0.0,0.0,0.0,0.0,0.0,0.20840666132110092,0.8844858825539244
00-0036264,Jordan Love,0.4195307623338025,60.8,0.3788357361897314,7.2,0.35356410163751306,5.3,1.347937986985193,2.4,-0.11935663414813949,3.8,-0.569571735869095,0.0,0.0,0.0,0.0,0.0,0.0,0.0,0.0,0.12039312921905539,0.6723136887646388
00-0019596,Tom Brady,0.41597615547171163,64.2,0.6898575319759132,6.6,0.1664740595173712,4.4,0.8336056576835551,1.4,-0.44833505628765863,3.1,-0.6760678198163628,0.0,0.0,0.0,0.0,0.0,0.0,0.0,0.0,0.10186351378211285,0.6276447717988972
00-0033319,Nick Mullens,0.4157824732032258,66.5,0.9002546291253885,8.0,0.6030174911310353,4.2,0.7193095845054132,4.2,0.4728045257029951,5.3,-0.3413658416963782,0.0,0.0,0.0,0.0,0.0,0.0,0.0,0.0,0.14965901530697673,0.7428642859985077
00-0026498,Matthew Stafford,0.39519458999037815,62.1,0.49775583457856576,7.2,0.35356410163751306,4.7,1.0050497674507677,2.0,-0.25094800300394715,5.4,-0.326152115418197,0.0,0.0,0.0,0.0,0.0,0.0,0.0,0.0,0.1019885043612473,0.627946083707925
00-0026544,Chase Daniel,0.3904247398293054,57.1,0.040370840775358074,3.7,-0.7377944773966468,7.1,2.376602645588469,0.0,-0.9089048472829855,6.7,-0.12837367380184242,0.0,0.0,0.0,0.0,0.0,0.0,0.0,0.0,0.17350292999999997,0.8003442617263055
00-0039910,Jayden Daniels,0.38755730839793423,62.7,0.5526420338349508,6.8,0.22883740689075183,4.6,0.9479017308616965,1.5,-0.4154372140737067,7.3,-0.03709131613275573,0.0,0.0,0.0,0.0,0.0,0.0,0.0,0.0,0.11558990214876542,0.6607346599445033
00-0029604,Kirk Cousins,0.3863590665786336,63.5,0.6258236328434638,7.0,0.29120075426413244,4.7,1.0050497674507677,2.0,-0.25094800300394715,5.3,-0.3413658416963782,0.0,0.0,0.0,0.0,0.0,0.0,0.0,0.0,0.06164324512065094,0.5306866969110188
00-0031345,Jimmy Garoppolo,0.37830033967862997,62.5,0.5343466340828222,7.6,0.478290796384274,4.3,0.7764576210944839,2.6,-0.053560949720235604,5.8,-0.2652972103054726,0.0,0.0,0.0,0.0,0.0,0.0,0.0,0.0,0.11142317945536363,0.6506900375590996
00-0023459,Aaron Rodgers,0.3736590274211763,61.5,0.4428696353221807,6.6,0.1664740595173712,5.1,1.2336419138070511,1.5,-0.4154372140737067,5.7,-0.2805109365836536,0.0,0.0,0.0,0.0,0.0,0.0,0.0,0.0,0.05580810865528953,0.5166200678899252
00-0035100,Jake Browning,0.35889210837873137,63.8,0.653266732471656,7.2,0.35356410163751306,4.5,0.8907536942726257,2.6,-0.053560949720235604,8.2,0.0998322203708743,0.0,0.0,0.0,0.0,0.0,0.0,0.0,0.0,0.0871346127238806,0.5921381494080679
00-0039732,Bo Nix,0.35437246887037077,63.3,0.6075282330913352,6.4,0.10411071214399087,4.9,1.1193458406289096,2.0,-0.25094800300394715,4.1,-0.5239305570345517,0.0,0.0,0.0,0.0,0.0,0.0,0.0,0.0,0.016559177667642276,0.4220035743502932
00-0036355,Justin Herbert,0.34830030916135224,62.1,0.49775583457856576,6.8,0.22883740689075183,4.2,0.7193095845054132,1.5,-0.4154372140737067,5.4,-0.326152115418197,0.0,0.0,0.0,0.0,0.0,0.0,0.0,0.0,0.0686779867921423,0.5476451865606637
00-0031280,Derek Carr,0.3295926838001807,62.4,0.525198934206758,6.9,0.2600190805774423,4.1,0.662161547916342,2.0,-0.25094800300394715,4.9,-0.4022207468091026,0.0,0.0,0.0,0.0,0.0,0.0,0.0,0.0,0.04971848221499294,0.5019399457503328
00-0026197,Chad Henne,0.31944825819072886,64.0,0.6715621322237846,4.2,-0.5818861089631954,4.0,0.6050135113272712,0.0,-0.9089048472829855,0.0,-1.1476933344399776,0.0,0.0,0.0,0.0,0.0,0.0,0.0,0.0,0.04314846664000001,0.4861017605930798
00-0030565,Geno Smith,0.31760837354939553,63.4,0.6166759329673995,6.9,0.2600190805774423,4.1,0.662161547916342,1.9,-0.2838458452178991,6.9,-0.09794622124548014,0.0,0.0,0.0,0.0,0.0,0.0,0.0,0.0,0.021133320762641516,0.43303035570985576
00-0036389,Jalen Hurts,0.31364891686729957,60.7,0.36968803631366776,7.0,0.29120075426413244,4.0,0.6050135113272712,1.7,-0.34964152964580286,6.7,-0.12837367380184242,0.0,0.0,0.0,0.0,0.0,0.0,0.0,0.0,0.07511263821112618,0.56315705246615
00-0031237,Teddy Bridgewater,0.30570964938082346,61.1,0.40627883581792423,6.8,0.22883740689075183,4.0,0.6050135113272712,2.0,-0.25094800300394715,6.5,-0.15880112635820468,0.0,0.0,0.0,0.0,0.0,0.0,0.0,0.0,0.08397860160142337,0.5845300261174498
00-0034855,Baker Mayfield,0.29793592329342466,59.6,0.26906333767696194,6.8,0.22883740689075183,4.8,1.0621978040398385,2.3,-0.15225447636209144,7.2,-0.052305042410936795,0.0,0.0,0.0,0.0,0.0,0.0,0.0,0.0,0.04723441296050926,0.4959516572376386
00-0035228,Kyler Murray,0.29552109791279857,63.4,0.6166759329673995,6.5,0.13529238583068104,3.8,0.49071743814912927,1.9,-0.2838458452178991,5.5,-0.3109383891400159,0.0,0.0,0.0,0.0,0.0,0.0,0.0,0.0,0.027597337327938766,0.44861301149691424
00-0032268,Marcus Mariota,0.2717598861259792,58.4,0.15929093916419182,6.9,0.2600190805774423,5.0,1.1764938772179805,2.5,-0.08645879193418755,7.8,0.03897731525814989,0.0,0.0,0.0,0.0,0.0,0.0,0.0,0.0,0.016800328067331668,0.4225849100621237
00-0039163,C.J. Stroud,0.2660588001389642,58.8,0.1958817386684483,7.1,0.3223824279508226,3.8,0.49071743814912927,1.4,-0.44833505628765863,7.5,-0.006663863576393454,0.0,0.0,0.0,0.0,0.0,0.0,0.0,0.0,0.03663656220329582,0.47040366261787536
00-0026625,Brian Hoyer,0.24451659178644783,60.7,0.36968803631366776,8.1,0.6341991648177254,1.6,-0.7665393668104308,3.3,0.17672394577742773,3.2,-0.6608540935381817,0.0,0.0,0.0,0.0,0.0,0.0,0.0,0.0,0.16343995965573768,0.7760856909930781
00-0034771,Mason Rudolph,0.23331084994978166,62.5,0.5343466340828222,6.7,0.19765573320406166,3.6,0.3764213649709876,2.7,-0.02066310750628366,4.2,-0.5087168307563705,0.0,0.0,0.0,0.0,0.0,0.0,0.0,0.0,-0.037439158188861975,0.29183103035601715
00-0029263,Russell Wilson,0.22921081249654018,58.0,0.12270013965993533,6.7,0.19765573320406166,4.6,0.9479017308616965,1.6,-0.3825393718597548,8.4,0.1302596729272367,0.0,0.0,0.0,0.0,0.0,0.0,0.0,0.0,-0.04519611027313673,0.27313152470578667
00-0027973,Andy Dalton,0.2027933221279733,60.9,0.38798343606579566,6.5,0.13529238583068104,3.9,0.5478654747382002,2.7,-0.02066310750628366,5.6,-0.29572466286183485,0.0,0.0,0.0,0.0,0.0,0.0,0.0,0.0,-0.04926850881467941,0.2633142873798083
00-0026158,Joe Flacco,0.20212962969344817,58.8,0.1958817386684483,6.5,0.13529238583068104,4.4,0.8336056576835551,2.6,-0.053560949720235604,5.1,-0.37179329425274044,0.0,0.0,0.0,0.0,0.0,0.0,0.0,0.0,-0.06485681044696774,0.22573592782781335
00-0039917,Michael Penix,0.20156934048742994,56.0,-0.06025385786134775,7.1,0.3223824279508226,2.8,-0.08076292774157992,2.8,0.012234734707668136,3.5,-0.6152129147036384,0.0,0.0,0.0,0.0,0.0,0.0,0.0,0.0,0.13351483287798163,0.703945877418758
00-0032950,Carson Wentz,0.19042544259849292,57.4,0.06781394040355028,6.1,0.010565691083919805,4.4,0.8336056576835551,1.9,-0.2838458452178991,6.6,-0.1435874000800236,0.0,0.0,0.0,0.0,0.0,0.0,0.0,0.0,-0.03458151377135017,0.29871988790612897
00-0036971,Trevor Lawrence,0.18319157368837302,59.6,0.26906333767696194,6.4,0.10411071214399087,3.3,0.2049772552037747,2.3,-0.15225447636209144,4.9,-0.4022207468091026,0.0,0.0,0.0,0.0,0.0,0.0,0.0,0.0,-0.01044456315129893,0.35690627859094165
00-0035264,Jarrett Stidham,0.17989632651730483,57.1,0.040370840775358074,7.1,0.3223824279508226,3.7,0.4335694015600586,2.5,-0.08645879193418755,7.9,0.05419104153633109,0.0,0.0,0.0,0.0,0.0,0.0,0.0,0.0,-0.00047057388957055427,0.3809503446788484
00-0034869,Sam Darnold,0.17915220710781235,57.6,0.08610934015567884,6.6,0.1664740595173712,4.2,0.7193095845054132,2.3,-0.15225447636209144,7.8,0.03897731525814989,0.0,0.0,0.0,0.0,0.0,0.0,0.0,0.0,-0.04222837150709276,0.2802857841650593
00-0036972,Mac Jones,0.17102448216334035,61.7,0.4611650350743093,6.3,0.07292903845730042,3.3,0.2049772552037747,2.7,-0.02066310750628366,5.6,-0.29572466286183485,0.0,0.0,0.0,0.0,0.0,0.0,0.0,0.0,-0.04740752897510204,0.26780050859750654
00-0026143,Matt Ryan,0.16936240172149625,62.0,0.4886081347025015,6.4,0.10411071214399087,3.1,0.090681182025633,2.3,-0.15225447636209144,6.6,-0.1435874000800236,0.0,0.0,0.0,0.0,0.0,0.0,0.0,0.0,-0.056903747150353574,0.24490819425874388
00-0038579,Aidan O'Connell,0.16521185539229882,59.1,0.22332483829664115,6.2,0.04174736477061025,3.2,0.14782921861470397,1.8,-0.31674368743185094,5.2,-0.35657956797455925,0.0,0.0,0.0,0.0,0.0,0.0,0.0,0.0,-0.031634668605797105,0.3058237796441383
00-0022924,Ben Roethlisberger,0.16383700116571015,60.5,0.3513926365615392,5.7,-0.11416100366284115,3.5,0.31927332838191663,1.4,-0.44833505628765863,5.5,-0.3109383891400159,0.0,0.0,0.0,0.0,0.0,0.0,0.0,0.0,-0.0839441610558237,0.17972249153473563
00-0029701,Ryan Tannehill,0.16372648375743792,60.0,0.3056541371812184,6.6,0.1664740595173712,3.2,0.14782921861470397,2.5,-0.08645879193418755,8.5,0.14547339920541777,0.0,0.0,0.0,0.0,0.0,0.0,0.0,0.0,0.0006951862520065551,0.3837606157901561
00-0031503,Jameis Winston,0.15957644695349493,55.7,-0.08769695748953996,6.6,0.1664740595173712,4.9,1.1193458406289096,3.4,0.20962178799137965,6.7,-0.12837367380184242,0.0,0.0,0.0,0.0,0.0,0.0,0.0,0.0,-0.05402664277642856,0.2518439634773756
00-0028118,Tyrod Taylor,0.15525344657651519,58.8,0.1958817386684483,6.4,0.10411071214399087,3.6,0.3764213649709876,2.3,-0.15225447636209144,7.8,0.03897731525814989,0.0,0.0,0.0,0.0,0.0,0.0,0.0,0.0,-0.03542799176107416,0.29667930292124445
00-0031800,Taylor Heinicke,0.15495378726609105,58.4,0.15929093916419182,6.5,0.13529238583068104,3.9,0.5478654747382002,2.6,-0.053560949720235604,6.6,-0.1435874000800236,0.0,0.0,0.0,0.0,0.0,0.0,0.0,0.0,-0.06838882557912317,0.21722138033507668
00-0033662,Cooper Rush,0.1520155612885172,58.3,0.15014323928812753,6.1,0.010565691083919805,3.5,0.31927332838191663,1.8,-0.31674368743185094,4.1,-0.5239305570345517,0.0,0.0,0.0,0.0,0.0,0.0,0.0,0.0,-0.07945062245478725,0.19055496149802872
00-0039851,Drake Maye,0.14297898173162946,60.2,0.323949536933347,6.1,0.010565691083919805,4.0,0.6050135113272712,2.7,-0.02066310750628366,8.3,0.11504594664905564,0.0,0.0,0.0,0.0,0.0,0.0,0.0,0.0,-0.08385739150534759,0.17993166489068368
00-0033869,Mitchell Trubisky,0.1428994093689323,61.7,0.4611650350743093,6.2,0.04174736477061025,2.9,-0.023614891152508945,3.2,0.14382610356347592,5.0,-0.3870070205309215,0.0,0.0,0.0,0.0,0.0,0.0,0.0,0.0,-0.02397801868244838,0.324281489186234
00-0035289,Gardner Minshew,0.1390443862542315,58.9,0.20502943854451258,6.4,0.10411071214399087,3.1,0.090681182025633,2.3,-0.15225447636209144,6.8,-0.11315994752366135,0.0,0.0,0.0,0.0,0.0,0.0,0.0,0.0,-0.028405192955173787,0.31360900218000226
00-0027688,Colt McCoy,0.12007384076604992,65.6,0.8179253302408105,6.1,0.010565691083919805,1.6,-0.7665393668104308,1.6,-0.3825393718597548,7.1,-0.067518768689118,0.0,0.0,0.0,0.0,0.0,0.0,0.0,0.0,-0.09456410261,0.15412124313976053
00-0033119,Jacoby Brissett,0.10848549819949771,58.5,0.1684386390402561,5.9,-0.051797656289460536,2.6,-0.1950590009197216,1.3,-0.4812328985016105,6.8,-0.11315994752366135,0.0,0.0,0.0,0.0,0.0,0.0,0.0,0.0,-0.04086608441706444,0.2835698182625321
00-0036898,Davis Mills,0.08296367386924648,58.5,0.1684386390402561,6.1,0.010565691083919805,3.4,0.26212529179284566,2.5,-0.08645879193418755,6.1,-0.21965603147092924,0.0,0.0,0.0,0.0,0.0,0.0,0.0,0.0,-0.13719203365521654,0.051359072021851505
00-0035710,Daniel Jones,0.07417927052539114,59.6,0.26906333767696194,5.9,-0.051797656289460536,2.4,-0.30935507409786356,1.7,-0.34964152964580286,8.0,0.06940476781451216,0.0,0.0,0.0,0.0,0.0,0.0,0.0,0.0,-0.07339419327527796,0.20515505576598803
00-0034401,Mike White,0.07162799847070597,58.9,0.20502943854451258,6.6,0.1664740595173712,2.7,-0.13791096433065064,3.8,0.3412131568471873,3.7,-0.5847854621472761,0.0,0.0,0.0,0.0,0.0,0.0,0.0,0.0,-0.08678337501775149,0.17287806385921697
00-0035040,David Blough,0.07153876678531126,59.4,0.2507679379248334,6.3,0.07292903845730042,3.1,0.090681182025633,3.1,0.11092826134952397,8.6,0.16068712548359884,0.0,0.0,0.0,0.0,0.0,0.0,0.0,0.0,-0.08996158650000001,0.16521642267280115
00-0033936,C.J. Beathard,0.06760882288112782,66.2,0.8728115294971962,5.6,-0.1453426773495316,1.4,-0.8808354399885727,1.4,-0.44833505628765863,8.6,0.16068712548359884,0.0,0.0,0.0,0.0,0.0,0.0,0.0,0.0,-0.1382268564662162,0.048864448516247494
00-0033550,Davis Webb,0.06516327102215955,56.1,-0.051106157985283465,4.1,-0.6130677826498858,2.4,-0.30935507409786356,0.0,-0.9089048472829855,0.0,-1.1476933344399776,0.0,0.0,0.0,0.0,0.0,0.0,0.0,0.0,-0.06008111351219514,0.23724859038461943
00-0038122,Desmond Ridder,0.0586731249504955,58.6,0.1775863389163204,6.3,0.07292903845730042,2.5,-0.2522070375087926,2.2,-0.18515231857604325,7.3,-0.03709131613275573,0.0,0.0,0.0,0.0,0.0,0.0,0.0,0.0,-0.10468060573918495,0.12973362215544765
00-0037012,Trey Lance,0.0582426382565576,52.9,-0.34383255401933666,6.9,0.2600190805774423,3.3,0.2049772552037747,2.6,-0.053560949720235604,6.1,-0.21965603147092924,0.0,0.0,0.0,0.0,0.0,0.0,0.0,0.0,-0.08802281019607844,0.1698901860344713
00-0039918,Caleb Williams,0.0456395275179662,55.2,-0.13343545686986072,5.6,-0.1453426773495316,3.1,0.090681182025633,0.9,-0.6128242673574182,9.7,0.32803811454359116,0.0,0.0,0.0,0.0,0.0,0.0,0.0,0.0,-0.08899852941402515,0.16753804219874735
00-0033949,Joshua Dobbs,0.037489824145758785,58.4,0.15929093916419182,5.7,-0.11416100366284115,3.0,0.03353314543656202,2.4,-0.11935663414813949,6.2,-0.20444230519274803,0.0,0.0,0.0,0.0,0.0,0.0,0.0,0.0,-0.14769234931573427,0.02604620301224316
00-0038102,Kenny Pickett,0.03597682433258349,58.1,0.1318478395359996,5.9,-0.051797656289460536,1.8,-0.652243293632289,1.7,-0.34964152964580286,6.2,-0.20444230519274803,0.0,0.0,0.0,0.0,0.0,0.0,0.0,0.0,-0.06722093388828607,0.2200367899230692
00-0035282,Easton Stick,0.030101474027163254,59.4,0.2507679379248334,6.0,-0.020615982602770366,1.6,-0.7665393668104308,0.5,-0.7444156362132258,7.0,-0.08273249496729906,0.0,0.0,0.0,0.0,0.0,0.0,0.0,0.0,-0.17165825550267377,-0.031727854798953195
00-0035993,Tyler Huntley,0.02315859850470495,59.1,0.22332483829664115,5.5,-0.17652435103622177,2.4,-0.30935507409786356,2.0,-0.25094800300394715,7.8,0.03897731525814989,0.0,0.0,0.0,0.0,0.0,0.0,0.0,0.0,-0.10886745071823205,0.1196404914397059
00-0031395,Garrett Gilbert,0.019369892591649937,60.6,0.36054033643760347,5.9,-0.051797656289460536,0.0,-1.6809079522355654,0.0,-0.9089048472829855,5.7,-0.2805109365836536,0.0,0.0,0.0,0.0,0.0,0.0,0.0,0.0,-0.08334525059696969,0.18116627117751907
00-0035704,Drew Lock,0.017197172893832532,56.2,-0.04195845810921918,6.1,0.010565691083919805,2.8,-0.08076292774157992,2.5,-0.08645879193418755,6.4,-0.17401485263638575,0.0,0.0,0.0,0.0,0.0,0.0,0.0,0.0,-0.13228896175088606,0.06317879448273693
00-0039152,Will Levis,0.0020346497528305058,54.2,-0.22491245563050224,6.2,0.04174736477061025,3.4,0.26212529179284566,2.6,-0.053560949720235604,9.9,0.35846556709995353,0.0,0.0,0.0,0.0,0.0,0.0,0.0,0.0,-0.1255931067154952,0.07932033792751926
00-0032245,Sean Mannion,-0.0041240087629673405,57.9,0.11355243978387104,5.0,-0.3324327194696732,2.6,-0.1950590009197216,0.0,-0.9089048472829855,5.0,-0.3870070205309215,0.0,0.0,0.0,0.0,0.0,0.0,0.0,0.0,-0.28714724986842105,-0.31013451236484746
00-0038416,Tyson Bagent,-0.004263335461341045,63.6,0.6349713327195281,5.8,-0.08297932997615098,2.0,-0.5379472204541471,4.0,0.4070088412750912,3.2,-0.6608540935381817,0.0,0.0,0.0,0.0,0.0,0.0,0.0,0.0,-0.21161313904039736,-0.12804617188416423
00-0032436,Jeff Driskel,-0.007558659033680137,52.9,-0.34383255401933666,5.4,-0.20770602472291194,5.9,1.690826206519619,3.9,0.37411099906113926,8.9,0.2063283043181423,0.0,0.0,0.0,0.0,0.0,0.0,0.0,0.0,-0.2542852675294117,-0.23091488876141844
00-0032156,Trevor Siemian,-0.00885379862437972,53.6,-0.2797986548868873,5.3,-0.2388876984096024,3.6,0.3764213649709876,2.1,-0.21805016078999517,4.6,-0.4478619256436461,0.0,0.0,0.0,0.0,0.0,0.0,0.0,0.0,-0.18523436637051283,-0.06445547244093426
00-0036945,Justin Fields,-0.01650254374954328,53.6,-0.2797986548868873,6.1,0.010565691083919805,3.5,0.31927332838191663,2.4,-0.11935663414813949,10.6,0.4649616510472213,0.0,0.0,0.0,0.0,0.0,0.0,0.0,0.0,-0.15171975223283923,0.016337435601286497
00-0037077,Sam Howell,-0.05503449146579132,56.2,-0.04195845810921918,5.8,-0.08297932997615098,3.1,0.090681182025633,3.2,0.14382610356347592,9.1,0.23675575687450445,0.0,0.0,0.0,0.0,0.0,0.0,0.0,0.0,-0.19819846084979137,-0.09570771627738138
00-0038550,Hendon Hooker,-0.06064501093391961,60.0,0.3056541371812184,6.2,0.04174736477061025,0.0,-1.6809079522355654,0.0,-0.9089048472829855,9.1,0.23675575687450445,0.0,0.0,0.0,0.0,0.0,0.0,0.0,0.0,-0.20768873000000002,-0.11858568943855337
00-0033537,Deshaun Watson,-0.061807691711169045,54.6,-0.18832165612624577,5.4,-0.20770602472291194,3.0,0.03353314543656202,1.9,-0.2838458452178991,10.1,0.3888930196563157,0.0,0.0,0.0,0.0,0.0,0.0,0.0,0.0,-0.18897956576896002,-0.07348393833212857
00-0038108,Bailey Zappe,-0.06287175499424004,56.8,0.012927741147165222,6.1,0.010565691083919805,3.3,0.2049772552037747,3.8,0.3412131568471873,8.0,0.06940476781451216,0.0,0.0,0.0,0.0,0.0,0.0,0.0,0.0,-0.2607543290762295,-0.2465097063691796
00-0028986,Case Keenum,-0.06397542749492852,58.0,0.12270013965993533,5.3,-0.2388876984096024,2.8,-0.08076292774157992,2.8,0.012234734707668136,7.1,-0.067518768689118,0.0,0.0,0.0,0.0,0.0,0.0,0.0,0.0,-0.24275424952447555,-0.20311732936004773
00-0033958,Nathan Peterman,-0.07547164997011159,53.8,-0.2615032551347594,5.3,-0.2388876984096024,3.8,0.49071743814912927,3.8,0.3412131568471873,7.1,-0.067518768689118,0.0,0.0,0.0,0.0,0.0,0.0,0.0,0.0,-0.1973643180769231,-0.0936968675155371
00-0039150,Bryce Young,-0.07715827152458317,54.7,-0.17917395625018148,5.3,-0.2388876984096024,2.6,-0.1950590009197216,1.9,-0.2838458452178991,8.3,0.11504594664905564,0.0,0.0,0.0,0.0,0.0,0.0,0.0,0.0,-0.19495013504735792,-0.0878770521149028
00-0039164,Anthony Richardson,-0.0875678137981042,47.6,-0.8286606474507365,6.5,0.13529238583068104,3.0,0.03353314543656202,3.5,0.2425196302053316,5.4,-0.326152115418197,0.0,0.0,0.0,0.0,0.0,0.0,0.0,0.0,-0.1148815915345946,0.10514234075435612
00-0038476,Tommy DeVito,-0.09100915090828443,54.7,-0.17917395625018148,5.1,-0.301251045782983,3.0,0.03353314543656202,1.1,-0.5470285829295143,14.0,0.9822283445053795,0.0,0.0,0.0,0.0,0.0,0.0,0.0,0.0,-0.2163440131433962,-0.13945078107324205
00-0038128,Malik Willis,-0.12073139537590956,52.4,-0.3895710533996574,6.3,0.07292903845730042,2.1,-0.4807991838650762,2.1,-0.21805016078999517,13.3,0.8757322605581118,0.0,0.0,0.0,0.0,0.0,0.0,0.0,0.0,-0.16507920485314684,-0.015867888995711538
00-0035752,Chris Streveler,-0.14264837663579238,61.5,0.4428696353221807,4.8,-0.3947960668430538,0.0,-1.6809079522355654,0.0,-0.9089048472829855,7.1,-0.067518768689118,0.0,0.0,0.0,0.0,0.0,0.0,0.0,0.0,-0.3162016143076923,-0.3801751992342966
00-0037013,Zach Wilson,-0.1670189037127301,51.1,-0.5084911517884911,5.7,-0.11416100366284115,2.1,-0.4807991838650762,2.3,-0.15225447636209144,9.3,0.2671832094308669,0.0,0.0,0.0,0.0,0.0,0.0,0.0,0.0,-0.21534282748068834,-0.13703724586594213
00-0034177,Tim Boyle,-0.1948186844460724,57.3,0.058666240527485994,5.0,-0.3324327194696732,2.1,-0.4807991838650762,5.4,0.8675786322704181,4.4,-0.4782893782000082,0.0,0.0,0.0,0.0,0.0,0.0,0.0,0.0,-0.24733166505560167,-0.2141519995059764
00-0032434,Brandon Allen,-0.19557322099665986,50.0,-0.609115850425197,5.0,-0.3324327194696732,4.1,0.662161547916342,2.7,-0.02066310750628366,8.6,0.16068712548359884,0.0,0.0,0.0,0.0,0.0,0.0,0.0,0.0,-0.3961667145945946,-0.5729452239025599
00-0036879,Sam Ehlinger,-0.19642900374618716,55.7,-0.08769695748953996,5.0,-0.3324327194696732,2.6,-0.1950590009197216,2.6,-0.053560949720235604,10.9,0.5106028298817648,0.0,0.0,0.0,0.0,0.0,0.0,0.0,0.0,-0.35290202264347825,-0.46864802794134175
00-0034577,Kyle Allen,-0.20082360424465068,54.6,-0.18832165612624577,5.1,-0.301251045782983,2.8,-0.08076292774157992,3.7,0.30831531463323547,6.1,-0.21965603147092924,0.0,0.0,0.0,0.0,0.0,0.0,0.0,0.0,-0.36479302008333336,-0.49731338147165643
00-0027939,Cam Newton,-0.2233856604701528,50.4,-0.5725250509209405,5.0,-0.3324327194696732,2.9,-0.023614891152508945,3.6,0.27541747241928355,6.8,-0.11315994752366135,0.0,0.0,0.0,0.0,0.0,0.0,0.0,0.0,-0.2899884714043796,-0.3169837796528226
00-0039376,Spencer Rattler,-0.2426465305238285,52.0,-0.4261618529039139,5.3,-0.2388876984096024,1.6,-0.7665393668104308,2.0,-0.25094800300394715,8.1,0.08461849409269323,0.0,0.0,0.0,0.0,0.0,0.0,0.0,0.0,-0.33914951875439997,-0.43549518370759005
00-0033275,P.J. Walker,-0.2429673620162762,49.8,-0.6274112501773256,5.8,-0.08297932997615098,1.6,-0.7665393668104308,3.6,0.27541747241928355,7.5,-0.006663863576393454,0.0,0.0,0.0,0.0,0.0,0.0,0.0,0.0,-0.22600131712166127,-0.16273142124551473
00-0027948,Blaine Gabbert,-0.24666166227742584,55.4,-0.1151400571177328,5.0,-0.3324327194696732,1.8,-0.652243293632289,5.4,0.8675786322704181,3.4,-0.6304266409818196,0.0,0.0,0.0,0.0,0.0,0.0,0.0,0.0,-0.2810037116071428,-0.2953244262406761
00-0036946,Kellen Mond,-0.292289829456196,66.7,0.918550028877517,1.7,-1.3614279511304523,0.0,-1.6809079522355654,0.0,-0.9089048472829855,0.0,-1.1476933344399776,0.0,0.0,0.0,0.0,0.0,0.0,0.0,0.0,-0.5858508866666666,-1.0302124867249831
00-0037327,Skylar Thompson,-0.32641477158887905,49.5,-0.6548543498055177,4.7,-0.42597774052974396,1.0,-1.1094275863448564,2.5,-0.08645879193418755,7.4,-0.02187758985457452,0.0,0.0,0.0,0.0,0.0,0.0,0.0,0.0,-0.28934591778609997,-0.31543479045125794
00-0029567,Nick Foles,-0.3352566380833317,54.4,-0.20661705587837434,5.3,-0.2388876984096024,1.1,-1.0522795497557853,4.4,0.538600210130899,11.8,0.647526366385395,0.0,0.0,0.0,0.0,0.0,0.0,0.0,0.0,-0.31813383252222227,-0.3848331531609851
00-0034955,Brett Rypien,-0.34783100148968216,51.4,-0.48104805216029894,4.7,-0.42597774052974396,1.4,-0.8808354399885727,3.6,0.27541747241928355,6.8,-0.11315994752366135,0.0,0.0,0.0,0.0,0.0,0.0,0.0,0.0,-0.36966128420289857,-0.5090491936078655
00-0034899,John Wolford,-0.3758499161135744,52.7,-0.36212795377146456,5.3,-0.2388876984096024,1.4,-0.8808354399885727,5.4,0.8675786322704181,9.8,0.34325184082177246,0.0,0.0,0.0,0.0,0.0,0.0,0.0,0.0,-0.35282727897297295,-0.4684678450971333
00-0030520,Mike Glennon,-0.40295475567414357,51.7,-0.4536049525321061,4.5,-0.4883410879031246,2.3,-0.36650311068693453,5.7,0.9662721589122738,4.9,-0.4022207468091026,0.0,0.0,0.0,0.0,0.0,0.0,0.0,0.0,-0.46649408695977007,-0.7424817999469663
00-0038998,Jake Haener,-0.41841684030397225,40.0,-1.5238858380316123,5.0,-0.3324327194696732,2.2,-0.4236511472760052,2.2,-0.18515231857604325,11.8,0.647526366385395,0.0,0.0,0.0,0.0,0.0,0.0,0.0,0.0,-0.33218844244444445,-0.4187142774475678
00-0038598,Jaren Hall,-0.43505323787005035,54.2,-0.22491245563050224,7.0,0.29120075426413244,0.0,-1.6809079522355654,4.2,0.4728045257029951,14.3,1.027869523339923,0.0,0.0,0.0,0.0,0.0,0.0,0.0,0.0,-0.5281684615,-0.8911587935212135
00-0031288,AJ McCarron,-0.4704043634091247,66.7,0.918550028877517,3.2,-0.8937028458300982,0.0,-1.6809079522355654,0.0,-0.9089048472829855,14.3,1.027869523339923,0.0,0.0,0.0,0.0,0.0,0.0,0.0,0.0,-0.875178655,-1.7276882710199168
00-0035146,Trace McSorley,-0.48818857606864596,52.3,-0.3987187532757217,4.8,-0.3947960668430538,0.0,-1.6809079522355654,5.8,0.9991700011262256,3.4,-0.6304266409818196,0.0,0.0,0.0,0.0,0.0,0.0,0.0,0.0,-0.43367867762790696,-0.6633744488187076
00-0035939,Bryce Perkins,-0.49653727887064913,48.7,-0.7280359488140307,4.1,-0.6130677826498858,2.6,-0.1950590009197216,5.1,0.7688851056285622,13.3,0.8757322605581118,0.0,0.0,0.0,0.0,0.0,0.0,0.0,0.0,-0.48037884961538463,-0.7759534773416383
00-0038583,Dorian Thompson-Robinson,-0.5247102971110981,49.8,-0.6274112501773256,3.6,-0.7689761510833371,0.4,-1.452315805879282,4.1,0.439906683489043,5.4,-0.326152115418197,0.0,0.0,0.0,0.0,0.0,0.0,0.0,0.0,-0.45372004808641975,-0.7116877187803798
00-0037175,Anthony Brown,-0.5380411761777069,42.3,-1.3134887408821372,5.8,-0.08297932997615098,0.0,-1.6809079522355654,3.8,0.3412131568471873,8.8,0.19111457803996126,0.0,0.0,0.0,0.0,0.0,0.0,0.0,0.0,-0.4007589536153846,-0.5840156286934514
00-0036197,Jake Fromm,-0.675964501098758,40.9,-1.441556539147035,3.2,-0.8937028458300982,1.5,-0.8236874033995017,4.5,0.5714980523448507,8.3,0.11504594664905564,0.0,0.0,0.0,0.0,0.0,0.0,0.0,0.0,-0.5326754771212121,-0.9020237522265003
00-0036928,Kyle Trask,-0.6912654329889164,36.4,-1.853203033569922,2.5,-1.1119745616369303,0.0,-1.6809079522355654,0.0,-0.9089048472829855,0.0,-1.1476933344399776,0.0,0.0,0.0,0.0,0.0,0.0,0.0,0.0,-0.6286410509090908,-1.133365749673147
00-0023682,Ryan Fitzpatrick,-0.7165555748277133,42.9,-1.258602541625752,1.9,-1.299064603757072,0.0,-1.6809079522355654,0.0,-0.9089048472829855,12.5,0.7540224503326627,0.0,0.0,0.0,0.0,0.0,0.0,0.0,0.0,-0.6106604585714285,-1.0900203500419923
00-0036226,Jacob Eason,-0.8421702698996321,50.0,-0.609115850425197,8.4,0.7277441858777965,0.0,-1.6809079522355654,20.0,5.670663595507397,0.0,-1.1476933344399776,0.0,0.0,0.0,0.0,0.0,0.0,0.0,0.0,-0.5363824892,-0.9109601608261221
00-0036929,Ian Book,-1.1057767285020474,42.9,-1.258602541625752,4.8,-0.3947960668430538,0.0,-1.6809079522355654,7.1,1.4268419499076006,22.2,2.229753899316232,0.0,0.0,0.0,0.0,0.0,0.0,0.0,0.0,-1.0617789325,-2.177521260257992
00-0038582,Clayton Tune,-1.196977875937463,46.7,-0.9109899463353138,2.3,-1.1743379090103108,0.0,-1.6809079522355654,6.7,1.295250581051793,18.9,1.7277009321362544,0.0,0.0,0.0,0.0,0.0,0.0,0.0,0.0,-1.1959187338666666,-2.500888988500354
00-0034438,Logan Woodside,-1.685641865541363,60.0,0.3056541371812184,5.4,-0.20770602472291194,0.0,-1.6809079522355654,20.0,5.670663595507397,16.7,1.39299895401627,0.0,0.0,0.0,0.0,0.0,0.0,0.0,0.0,-2.0159149199999997,-4.477634899674996
00-0032792,Nate Sudfeld,-1.8182226744792611,0.0,-5.182965788457274,0.0,-1.8915164038041872,0.0,-1.6809079522355654,0.0,-0.9089048472829855,50.0,6.459169804650584,0.0,0.0,0.0,0.0,0.0,0.0,0.0,0.0,-0.89872783,-1.7844577245612734
00-0037324,Chris Oladokun,-2.0550016650337395,0.0,-5.182965788457274,0.0,-1.8915164038041872,0.0,-1.6809079522355654,0.0,-0.9089048472829855,50.0,6.459169804650584,0.0,0.0,0.0,0.0,0.0,0.0,0.0,0.0,-1.3898326,-2.9683526773336646
00-0034343,Josh Rosen,-2.093910193906348,18.2,-3.518084411013598,1.7,-1.3614279511304523,0.0,-1.6809079522355654,18.2,5.078502435656263,0.0,-1.1476933344399776,0.0,0.0,0.0,0.0,0.0,0.0,0.0,0.0,-1.7004433427272725,-3.7171348375877815
